
8.364589929580688, 7962, 10134
6.124618053436279, 3608, 7684
4.6974687576293945, 2645, 5561
16.024940967559814, 13664, 23063
13.715094327926636, 18924, 23802
16.07153558731079, 13562, 34444
11.852160692214966, 11421, 25040
18.238787412643433, 17875, 24510
22.954910278320312, 24488, 50336
18.892954349517822, 20309, 21925
27.61453628540039, 24094, 50308
101.02089500427246, 85052, 197575
107.08344459533691, 106804, 263961
129.56852459907532, 92606, 243794
4.700443506240845, 4167, 8158
25.18039608001709, 34096, 47304
160.0807445049286, 109426, 437802
167.56121397018433, 142772, 427736
197.60663843154907, 135315, 434466
23.377389669418335, 29993, 53864
257.7247211933136, 260817, 648265
250.78673839569092, 228786, 654348
15.13442587852478, 17888, 28810
155.3890426158905, 116601, 413687
291.1919651031494, 105971, 724602
33.1690194606781, 34001, 76257
18.545837879180908, 12242, 28925
14.496168613433838, 26148, 21918
13.12307596206665, 12262, 30375
299.4446814060211, 423201, 551805
173.84087777137756, 134339, 452837
242.35190868377686, 104717, 673508
7.766528129577637, 15816, 6895
11.972228527069092, 12080, 29832
4.105539798736572, 6284, 7935
162.04121088981628, 100155, 464238
240.09936714172363, 101639, 706557
11.805012941360474, 14955, 21574
295.0891652107239, 243705, 621500
11.697550773620605, 9261, 13781
6.475720643997192, 6583, 7690
284.78632950782776, 120806, 696969
172.38171768188477, 120726, 460026
12.05329704284668, 12996, 25814
1.3344981670379639, 1501, 2922
228.14155101776123, 107084, 658960
3.0831639766693115, 4462, 6484
1.6324772834777832, 1438, 4239
4.04623007774353, 3149, 4679
42.98352289199829, 28346, 56875
10.76848840713501, 15375, 22624
15.210297107696533, 17021, 30566
13.24803900718689, 13745, 32806
1.6417362689971924, 1838, 3633
229.7949857711792, 121875, 455961
22.775814056396484, 26433, 52833
5.1845808029174805, 7465, 10323
19.686278581619263, 22178, 35573
188.49994587898254, 59326, 559791
213.82913517951965, 165597, 404354
155.77254128456116, 115285, 422214
3.2754759788513184, 2311, 4876
228.89126586914062, 121724, 499257
15.761475324630737, 14615, 35333
10.522939682006836, 14337, 17390
65.75641012191772, 63197, 151862
52.26188826560974, 59448, 114906
13.783130645751953, 12157, 27793
14.044269800186157, 11287, 30833
15.616583585739136, 16909, 28048
14.575836420059204, 17068, 25717
180.87775945663452, 130910, 407980
151.56502199172974, 87468, 401421
13.85115647315979, 20657, 22585
5.873974084854126, 2729, 6776
35.01572132110596, 31674, 69330
134.41319489479065, 80797, 378349
2.424288034439087, 2384, 3217
267.4653916358948, 300120, 569531
234.7453064918518, 119635, 679230
172.25711464881897, 87301, 392568
14.672455549240112, 12697, 32365
18.432133436203003, 14198, 23135
89.78672885894775, 56079, 236850
141.43161630630493, 87003, 244212
10.096781492233276, 13997, 19852
130.52556562423706, 70422, 203500
224.15892791748047, 259998, 490090
9.99280858039856, 11742, 17413
16.5085768699646, 15521, 36919
51.352367877960205, 42829, 71426
185.0629780292511, 113579, 327054
241.85802960395813, 88285, 442742
267.06525564193726, 90331, 507810
343.21913623809814, 138082, 675986
108.87624216079712, 71376, 301156
284.6966049671173, 95317, 548421
7.578091144561768, 7884, 11019
157.33963418006897, 119538, 412941
16.235406637191772, 21862, 27018
213.95059514045715, 100685, 593786
245.86229872703552, 106779, 440255
14.45328426361084, 21914, 23857
299.3363046646118, 154893, 842625
17.534154176712036, 22475, 31032
11.270912885665894, 12320, 26281
16.34172010421753, 22765, 25086
154.8716275691986, 72956, 452421
11.365146160125732, 19385, 17152
10.02419924736023, 16864, 18726
334.55203795433044, 138730, 699166
64.23430442810059, 50349, 146363
211.0028796195984, 81648, 430851
15.928110361099243, 20439, 22350
64.08572959899902, 56274, 165908
124.68834018707275, 89554, 333695
2.0488440990448, 1219, 2669
223.0631787776947, 99435, 493486
72.54504895210266, 62210, 183642
148.97572493553162, 114764, 391086
154.46486616134644, 105848, 362483
27.283390998840332, 24807, 60612
275.3315246105194, 116605, 597850
26.831169605255127, 38964, 25227
189.5674397945404, 76237, 469116
216.1034905910492, 219646, 436064
324.551146030426, 128760, 701320
17.587212324142456, 16123, 19202
21.509945154190063, 13512, 27773
201.21571278572083, 117822, 413746
21.719899654388428, 10484, 28778
24.1566960811615, 17379, 22218
9.936861515045166, 7347, 9317
14.635482549667358, 13227, 29295
30.00013256072998, 21355, 46886
179.9145748615265, 93360, 379102
5.262545585632324, 1849, 4395
250.9252519607544, 132718, 691754
210.74431943893433, 126117, 395270
3.235395669937134, 1352, 4363
161.50295567512512, 129851, 421476
3.9386048316955566, 4515, 6121
220.85482215881348, 124655, 418695
18.78229594230652, 18952, 39696
2.365023374557495, 1446, 5654
174.79729318618774, 96710, 496267
111.32489609718323, 66025, 198465
104.7144947052002, 88561, 168830
11.936102628707886, 16668, 23157
8.963423728942871, 17195, 12748
31.764400243759155, 20763, 43308
234.2104127407074, 117237, 660205
98.03006529808044, 57828, 163069
55.77366495132446, 44486, 64055
16.520834922790527, 18254, 27506
244.1304714679718, 135811, 460175
183.80238699913025, 87854, 358016
12.959246158599854, 12835, 23153
17.84561562538147, 13303, 38273
244.6053330898285, 106860, 728906
100.4666519165039, 65600, 259540
173.20982360839844, 94732, 394439
235.63726806640625, 123281, 489082
11.50161099433899, 12520, 17912
157.6678490638733, 111044, 415978
11.783661365509033, 17370, 19739
179.92400121688843, 89146, 518670
13.803161144256592, 13126, 32218
12.713305950164795, 21107, 17934
278.03098702430725, 113331, 662941
177.3157889842987, 98491, 399621
204.7499930858612, 87230, 495555
6.220653057098389, 7236, 5647
206.0185248851776, 90402, 501551
10.409111499786377, 12652, 18745
135.69204783439636, 106057, 351494
16.551035165786743, 12378, 32325
218.26637530326843, 85691, 546386
107.42652773857117, 69473, 212152
224.16369104385376, 179421, 553732
3.1291656494140625, 1223, 4644
149.4629464149475, 141432, 351879
267.1847996711731, 115280, 657960
192.518150806427, 127991, 440888
11.541887760162354, 17192, 18989
12.880655288696289, 11618, 33112
198.71875095367432, 114063, 425742
4.076939582824707, 1804, 3539
222.09302973747253, 136850, 611729
4.199687719345093, 2317, 5853
206.04549837112427, 108575, 419393
119.95087885856628, 57080, 232611
4.438352108001709, 2466, 13012
2.571122169494629, 1348, 4705
4.909327507019043, 7650, 9245
143.4589171409607, 77351, 246016
19.03825044631958, 11767, 32579
214.09754633903503, 114817, 395232
7.507020473480225, 1281, 5238
154.66686391830444, 113408, 396059
20.969984769821167, 16545, 23351
3.8090763092041016, 3094, 6758
160.61720299720764, 112329, 420402
219.81817841529846, 108022, 387260
154.58470177650452, 86465, 268454
3.2020411491394043, 2081, 4390
21.413323640823364, 22580, 53125
25.115657806396484, 21512, 42545
1.6918678283691406, 1501, 4054
93.60008955001831, 82374, 148373
215.70752382278442, 119443, 419948
13.997673988342285, 11633, 29620
318.75912380218506, 449857, 631019
333.0631775856018, 163767, 682088
271.24616527557373, 298457, 604071
4.209412097930908, 1367, 5381
266.9415535926819, 118543, 558033
287.97010707855225, 112307, 618934
5.020611524581909, 3172, 7719
3.9926180839538574, 2119, 4971
11.566659212112427, 15156, 22598
2.9989511966705322, 2653, 6854
13.095942974090576, 17575, 25484
92.76123857498169, 59406, 235506
115.8571207523346, 77373, 304900
10.44969916343689, 15972, 17473
17.275704622268677, 15534, 39631
10.277037382125854, 12184, 20628
98.51191067695618, 65620, 239428
26.54687738418579, 27799, 50501
206.63940000534058, 105077, 585128
65.26721167564392, 50489, 152485
14.54187798500061, 15817, 27514
13.71733021736145, 20831, 23330
218.64617252349854, 102043, 532871
162.15044164657593, 111609, 422767
9.12596869468689, 12718, 15641
14.66341757774353, 20622, 21958
122.70412278175354, 104353, 284491
8.728334665298462, 10891, 13483
25.24089241027832, 21344, 55136
220.83474802970886, 92061, 605468
3.686796188354492, 2236, 5094
111.04769897460938, 83442, 280703
227.11265397071838, 106905, 595087
2.574885845184326, 1239, 5380
12.661198377609253, 21926, 22385
179.33224034309387, 140808, 453837
22.74229860305786, 19533, 50902
216.62350869178772, 173050, 517195
105.51819705963135, 92782, 257457
299.99995613098145, 313887, 588759
14.147050619125366, 14609, 22167
239.53750467300415, 139023, 642568
14.531673669815063, 20411, 20066
11.799370288848877, 10334, 22180
195.14348769187927, 118725, 523908
28.85298490524292, 30789, 60704
6.174732685089111, 9751, 6941
18.586673498153687, 12695, 37578
103.6804609298706, 69282, 257628
152.72064447402954, 98448, 375896
12.676286458969116, 16838, 27523
6.372392416000366, 7548, 9548
113.4967303276062, 73852, 288307
14.900530099868774, 23726, 23204
192.86182260513306, 125852, 480734
3.573482036590576, 2344, 5498
47.07735896110535, 54420, 106477
11.829875946044922, 14316, 24105
233.90495777130127, 127074, 620364
25.469193935394287, 29018, 47356
133.5988790988922, 106830, 341860
16.088530778884888, 14709, 38436
156.7984426021576, 113877, 387080
50.48631954193115, 58177, 108013
142.73813009262085, 99225, 343641
231.51378560066223, 124201, 591047
16.0710666179657, 21559, 23364
178.40683364868164, 109897, 477106
296.39115738868713, 277263, 697268
182.98093128204346, 119338, 484682
175.28903937339783, 128569, 421773
2.9030044078826904, 1541, 3948
120.15918278694153, 89439, 288144
18.546964168548584, 29442, 25874
11.708620548248291, 16949, 24042
183.4701898097992, 98040, 484332
246.80107998847961, 102149, 672995
32.09263610839844, 36229, 72141
4.773723602294922, 3338, 7279
1.867912769317627, 1621, 4288
334.68552470207214, 327788, 742043
13.159955978393555, 12454, 28028
76.49082231521606, 61728, 174755
4.407710313796997, 8018, 5365
28.420862197875977, 27935, 57364
60.41717028617859, 68579, 125390
14.575126647949219, 17463, 25324
15.578490734100342, 13353, 31808
14.162203788757324, 13044, 32991
14.490947723388672, 13120, 31989
13.883649826049805, 20873, 21626
16.444706678390503, 12715, 37938
190.1462161540985, 80342, 463705
245.6636519432068, 114734, 688678
245.4060218334198, 114855, 663481
226.2402765750885, 117834, 652498
81.14966130256653, 60086, 196938
15.267009496688843, 13041, 35245
1.966773271560669, 1570, 5117
194.68372011184692, 93162, 533417
180.8595085144043, 118009, 479362
10.609511613845825, 13811, 23466
4.518117666244507, 6225, 4638
190.94668221473694, 114151, 498554
8.691859245300293, 10698, 14029
15.098196744918823, 19963, 26808
1.2987306118011475, 1577, 2872
249.8164610862732, 81089, 693613
25.81891441345215, 22442, 55625
189.08714389801025, 163109, 455407
224.1803171634674, 119042, 593443
268.77901244163513, 121307, 708679
4.071390628814697, 2418, 4472
149.61050391197205, 99018, 387861
156.61622858047485, 125683, 364968
152.07029700279236, 112214, 374599
3.5464606285095215, 2086, 4542
85.85123109817505, 58607, 229620
8.349801778793335, 12149, 14807
396.1151876449585, 507495, 764415
38.472023248672485, 40085, 76480
145.964595079422, 75639, 386236
13.021114349365234, 21245, 21635
33.10610556602478, 39762, 66055
2.2031912803649902, 2282, 4771
255.23257660865784, 119629, 677134
93.52117013931274, 64062, 228032
9.301990747451782, 10453, 13032
163.81267476081848, 78958, 431050
188.1426146030426, 95256, 530115
200.6012282371521, 72182, 582982
3.9273180961608887, 2921, 4909
2.126030921936035, 2176, 4962
22.937965631484985, 22757, 48385
14.652961015701294, 15966, 23599
8.984821796417236, 23702, 7635
167.23884916305542, 98632, 441326
10.142645359039307, 10936, 24373
58.71484875679016, 58987, 122597
332.69045186042786, 479595, 580172
13.71116852760315, 19180, 15802
233.9288454055786, 119292, 648358
13.09291958808899, 19736, 20809
152.24580478668213, 95094, 386592
1.9167256355285645, 1076, 2068
198.6502480506897, 99319, 511568
16.6368191242218, 24530, 28955
18.964796781539917, 16640, 47179
217.20801305770874, 234574, 504568
193.485191822052, 103527, 507237
254.33441758155823, 100565, 686464
8.275727033615112, 14183, 7842
10.154118776321411, 15840, 16464
20.23757314682007, 14796, 42877
139.87862610816956, 92326, 384682
151.1722960472107, 85872, 382779
1.5094480514526367, 804, 1195
12.247493267059326, 14332, 23369
207.35123467445374, 97360, 553216
230.4534935951233, 92509, 626819
12.618530988693237, 13126, 20948
1.0517597198486328, 1022, 2202
178.69879412651062, 86132, 486297
34.337902307510376, 39303, 68569
346.9352283477783, 414439, 732003
168.29721999168396, 105683, 445048
218.65674686431885, 106359, 556172
161.5227415561676, 96187, 417926
82.4245502948761, 61423, 199773
5.185860872268677, 6605, 7613
14.598501682281494, 12792, 28760
15.374566078186035, 20591, 27697
139.06942319869995, 79158, 385982
294.43060302734375, 280209, 686509
34.94251561164856, 37444, 73959
7.623793125152588, 8394, 11018
143.94098043441772, 98039, 351753
220.17294025421143, 101833, 628724
182.9544084072113, 123021, 450277
241.0879454612732, 137875, 628204
13.599113464355469, 13749, 27810
22.001369953155518, 23070, 41579
70.93149852752686, 65272, 163726
235.182302236557, 115139, 622840
4.334070444107056, 2551, 6369
129.28515553474426, 102378, 323576
15.527742624282837, 14480, 35059
14.383970975875854, 15907, 28923
11.592527389526367, 14658, 23093
15.174392461776733, 14028, 35851
258.2204236984253, 91148, 719127
240.52774953842163, 104035, 671877
173.18104076385498, 121074, 421491
16.181191205978394, 23468, 25404
90.02787208557129, 91613, 194819
14.041601419448853, 13181, 28200
347.02979493141174, 449619, 645644
231.24756050109863, 118936, 632691
3.140740394592285, 893, 1373
15.484656810760498, 17334, 24876
95.86366534233093, 72145, 230828
154.15992498397827, 96112, 389981
15.102089881896973, 17139, 26516
154.62673115730286, 91994, 376362
59.53661370277405, 63369, 117665
244.01272201538086, 153137, 651669
14.685994625091553, 14775, 30129
14.126760005950928, 16975, 27199
113.43367171287537, 85898, 278175
277.65351724624634, 265304, 614419
189.8058512210846, 94106, 534726
3.318037271499634, 1372, 5540
133.43782210350037, 109637, 296916
245.9286551475525, 133060, 630948
3.195211887359619, 2329, 5025
198.60663509368896, 121992, 499163
279.8740701675415, 246256, 682274
12.601644515991211, 10638, 23836
12.07435154914856, 12177, 21017
91.66426849365234, 74278, 200727
235.26485013961792, 108645, 668116
160.65405249595642, 117573, 390145
40.86696195602417, 36193, 86174
11.336992502212524, 14910, 17417
136.9579131603241, 102474, 352263
27.81694793701172, 27963, 53996
1.3974378108978271, 357, 1659
176.83743500709534, 125977, 431491
168.47949028015137, 82638, 443669
16.364357233047485, 17643, 38821
181.0079264640808, 95327, 502338
173.98667311668396, 100199, 454691
7.445630073547363, 9497, 10877
13.06668496131897, 16672, 22949
17.507572174072266, 12933, 37497
157.61537098884583, 100555, 374323
16.844480752944946, 19611, 30246
316.2678818702698, 274392, 728316
297.07562828063965, 355482, 620009
65.19094586372375, 64055, 137374
15.328423976898193, 11470, 30039
16.34157109260559, 13012, 30888
6.949464321136475, 8891, 8743
11.978434324264526, 16629, 21801
5.229928731918335, 7670, 8901
16.71644401550293, 14209, 35913
223.1931276321411, 102538, 597340
178.56339383125305, 109957, 454077
3.98470401763916, 2872, 5189
31.47282910346985, 28939, 65705
2.1501567363739014, 1241, 4860
174.93895530700684, 145781, 414705
10.171858072280884, 13283, 20687
13.769703149795532, 16327, 23386
311.9892683029175, 134865, 863212
6.474324703216553, 9579, 11483
81.1138985157013, 80217, 163975
108.01080250740051, 75096, 261581
3.9693315029144287, 4096, 6598
220.9835274219513, 118434, 624867
17.381784677505493, 15679, 32360
93.29129981994629, 101390, 212849
159.66856932640076, 111287, 412291
15.196142435073853, 17178, 27927
153.5223090648651, 108980, 394486
11.97890830039978, 17837, 18828
12.37637734413147, 11400, 30961
11.532119750976562, 13923, 25143
77.49879455566406, 66896, 181048
24.539971828460693, 24808, 52320
77.64045524597168, 60830, 185747
3.7395639419555664, 5348, 6655
196.34103846549988, 139029, 479220
3.3780369758605957, 1562, 4239
217.02348375320435, 120348, 562476
15.735843896865845, 20547, 26325
2.1616973876953125, 2103, 4650
154.3141222000122, 85032, 393616
11.865862846374512, 13173, 26273
1.6324303150177002, 1534, 3794
79.78169512748718, 72025, 187449
2.4300036430358887, 2102, 4902
35.14142155647278, 42527, 63687
181.2974808216095, 148399, 420913
2.6886279582977295, 1171, 2391
91.92782139778137, 60199, 244860
2.2423856258392334, 1494, 4523
161.90013599395752, 132575, 417280
165.66102266311646, 115485, 412072
10.55344820022583, 13198, 21599
223.00010013580322, 208788, 489951
10.663832902908325, 13200, 19643
13.690716981887817, 16456, 23592
374.4634919166565, 505478, 667469
75.18509602546692, 57825, 177759
136.0871706008911, 70004, 364543
2.6261937618255615, 1776, 3850
204.66287088394165, 95737, 542476
18.094171047210693, 18709, 29820
29.243988752365112, 31592, 62907
2.1328296661376953, 1073, 4938
165.14247822761536, 129234, 406588
17.34217882156372, 14065, 35212
241.91883516311646, 146312, 609593
3.775696277618408, 5301, 7041
3.644122362136841, 1986, 2959
187.0849413871765, 93148, 522101
13.483470678329468, 11781, 31437
12.824403285980225, 16325, 23694
102.1438615322113, 71790, 243246
5.452171802520752, 11897, 6763
15.915513515472412, 20038, 27208
12.364676475524902, 13884, 19919
151.2648355960846, 109418, 393983
228.1001968383789, 101390, 627537
145.08402919769287, 110732, 385336
3.392239570617676, 2240, 5058
151.389568567276, 136211, 364599
12.761471509933472, 12497, 31889
119.81690764427185, 110018, 268276
3.1431872844696045, 2319, 5088
178.8805844783783, 121414, 446553
104.29354476928711, 88917, 241202
3.2437140941619873, 1802, 3931
151.92601251602173, 103062, 375439
8.376101016998291, 12014, 15444
13.590540885925293, 16037, 18858
11.163968801498413, 13713, 20059
10.378080368041992, 22479, 11173
17.839438676834106, 28798, 23194
2.748314619064331, 3841, 4993
44.25156497955322, 46393, 99460
164.44900488853455, 94620, 423504
13.583409309387207, 16431, 21806
164.36251592636108, 95529, 409508
14.969489574432373, 12146, 31319
104.45783114433289, 90597, 260169
18.8827121257782, 20457, 36450
26.689342737197876, 31138, 49037
2.0524473190307617, 1342, 4884
95.54559922218323, 61720, 242838
12.532203197479248, 13766, 22029
178.60777139663696, 86103, 482583
254.1340365409851, 107289, 726013
222.50500202178955, 120983, 581249
2.7492024898529053, 1919, 3246
31.129965782165527, 30577, 66147
180.19589138031006, 125808, 418406
89.18285942077637, 86939, 195400
82.52046608924866, 71724, 186143
16.343559503555298, 11466, 34642
234.43732380867004, 182674, 582348
3.221835136413574, 1432, 4727
130.26190400123596, 80656, 334297
1.5911200046539307, 988, 1819
2.0450334548950195, 1353, 5398
104.84226536750793, 67962, 255335
6.03952693939209, 6890, 8563
16.50605010986328, 22390, 33442
137.74025344848633, 99506, 362628
13.114454507827759, 19539, 21352
12.379233837127686, 18913, 19728
16.127092123031616, 24271, 24391
9.680497646331787, 13082, 21169
12.387597560882568, 11320, 27269
239.11458349227905, 95439, 691737
169.35099911689758, 113146, 412396
181.3850176334381, 87776, 488034
219.39902687072754, 106846, 582861
6.913589715957642, 10165, 9736
184.90965723991394, 100527, 480667
163.62140369415283, 138207, 390775
24.103161573410034, 28530, 55291
4.24545431137085, 3468, 7378
29.239852905273438, 27322, 58552
15.128739356994629, 19306, 26370
13.432039022445679, 19287, 24235
174.4759876728058, 106999, 432912
12.640979528427124, 17979, 24614
238.70186257362366, 103829, 640400
13.503008604049683, 16170, 27434
156.6784110069275, 101211, 393284
156.5219485759735, 110260, 387686
230.21205353736877, 120577, 635697
14.341514110565186, 17276, 23053
88.12141728401184, 96020, 179523
194.22817587852478, 101622, 503815
15.444489240646362, 13132, 29143
169.1931438446045, 120509, 444532
11.871700525283813, 12131, 24863
21.762752294540405, 22423, 47988
15.890910387039185, 12038, 28707
125.00775098800659, 113287, 277468
166.210364818573, 110458, 442723
15.086313724517822, 21918, 23975
38.28349995613098, 23194, 20101
14.352320432662964, 21066, 19494
9.531554698944092, 11809, 16205
285.91019678115845, 215536, 548867
301.68964767456055, 100166, 459843
76.81451463699341, 12093, 27632
309.17915439605713, 96041, 366538
388.82092785835266, 124232, 456656
382.3466601371765, 113148, 444669
6.242346525192261, 6929, 7313
287.0603246688843, 91973, 300443
429.82673716545105, 121664, 614061
537.5274548530579, 448569, 697855
363.07055282592773, 144528, 404672
2.7462823390960693, 1508, 4034
12.673564434051514, 16289, 24000
362.6314733028412, 93627, 450737
2.190256118774414, 2302, 5086
7.4474146366119385, 8796, 10451
14.86087155342102, 16576, 26115
464.73037028312683, 113088, 692601
8.880325317382812, 9706, 11958
27.449109315872192, 32625, 54367
5.547850608825684, 7227, 9780
25.309446096420288, 23950, 54892
359.9381709098816, 105171, 579178
105.05553364753723, 68497, 262262
4.185835599899292, 2230, 5269
1.438584327697754, 1786, 2761
192.15392136573792, 152583, 453272
15.834356784820557, 24564, 23780
81.04334497451782, 71692, 194913
1.858386516571045, 1956, 3204
140.55578088760376, 87590, 357480
23.285030126571655, 21130, 50581
108.76710367202759, 78648, 282588
13.763998985290527, 11765, 27464
419.5457274913788, 89016, 605356
13.601167917251587, 23050, 20398
1.2521498203277588, 1311, 2801
486.82345938682556, 315711, 658213
498.260262966156, 280569, 668915
16.094994068145752, 13599, 31691
576.5604376792908, 390656, 810245
16.76502251625061, 22398, 25032
191.78895568847656, 115116, 483753
29.155078411102295, 27643, 56280
14.804801940917969, 22466, 25265
184.63844466209412, 95697, 501456
7.483471155166626, 2823, 18181
79.84986424446106, 68655, 178677
2.5177276134490967, 2169, 4794
3.3354198932647705, 3299, 7525
17.724801063537598, 25208, 28759
170.8768720626831, 126616, 407667
148.92094254493713, 108362, 389375
16.019839763641357, 12208, 34030
12.726882696151733, 19983, 22485
13.868044137954712, 17333, 24321
189.44281458854675, 144344, 444459
212.54242944717407, 98390, 567141
12.349459648132324, 13467, 23182
16.105745315551758, 14298, 33127
14.612390995025635, 16572, 22670
227.16067337989807, 108132, 600801
33.663952350616455, 36247, 66773
12.555142164230347, 12968, 21624
207.7435007095337, 99507, 570117
369.2233736515045, 475326, 734893
170.83461809158325, 132413, 429865
3.784618616104126, 4305, 4661
3.111508369445801, 4603, 5946
14.583067893981934, 22341, 23578
15.348806142807007, 13433, 26941
189.10644793510437, 118028, 475505
56.33259057998657, 61019, 121408
135.07246136665344, 120332, 312116
9.204405546188354, 10410, 13540
111.63234281539917, 95395, 265025
13.507522344589233, 14344, 31666
3.887913703918457, 4910, 5263
29.42745065689087, 28378, 62410
13.503694534301758, 21186, 23134
15.001651048660278, 12025, 30157
3.3377790451049805, 1315, 5193
235.4152364730835, 274211, 530215
13.428531885147095, 20477, 22416
65.07829689979553, 74607, 135929
80.59203433990479, 58549, 196774
143.6620020866394, 76692, 407500
287.17707872390747, 273567, 649611
298.3063852787018, 352453, 578875
11.339749336242676, 11766, 25744
179.84955954551697, 104061, 460651
76.22391724586487, 77507, 174785
16.65930986404419, 20511, 27378
25.083059549331665, 21970, 51903
12.439514398574829, 17687, 20047
170.534006357193, 103681, 434259
92.64259648323059, 80283, 224390
174.6054232120514, 101927, 452597
151.52427792549133, 75888, 416889
10.46790862083435, 12985, 18778
178.65120029449463, 118259, 437667
264.6499800682068, 117383, 712265
173.67676401138306, 111384, 483389
16.99520230293274, 15211, 36388
42.29992604255676, 39336, 89962
174.09005641937256, 124927, 434805
164.5658004283905, 152027, 381721
218.57538890838623, 108087, 574812
72.6120867729187, 55613, 173858
227.19908618927002, 180398, 533564
5.715658187866211, 6685, 7407
12.76863956451416, 15885, 23582
204.929185628891, 112104, 562410
3.3658697605133057, 1656, 5112
13.18395209312439, 20640, 20737
178.1080892086029, 128067, 433008
173.3105285167694, 107037, 434642
49.8954074382782, 42480, 108946
2.190866708755493, 1404, 4430
13.660162925720215, 15360, 30289
18.19726276397705, 17854, 33094
13.727110147476196, 12894, 30694
237.0311985015869, 132400, 640665
98.42792892456055, 64764, 248871
173.65977835655212, 88259, 494392
125.79752802848816, 105690, 290607
2.7132227420806885, 2124, 4533
76.58666467666626, 54649, 183707
5.84437370300293, 8695, 10781
2.136814832687378, 1948, 3166
168.39357256889343, 117003, 429511
220.09702277183533, 191230, 499359
14.270373582839966, 20925, 23141
4.379137754440308, 5949, 7531
0.43784093856811523, 441, 857
81.19398880004883, 65661, 190778
217.93973851203918, 129344, 604474
204.5380458831787, 91802, 564521

162.36898279190063, 74267, 460473
222.86622643470764, 97636, 605610
211.1276581287384, 189043, 462923
2.9286460876464844, 1550, 4054
14.856413841247559, 13696, 34822
156.16499733924866, 105988, 388155
175.7343282699585, 95073, 499589
12.412925481796265, 14335, 22370
262.1229326725006, 221825, 603768
3.4765825271606445, 3013, 8679
10.298579931259155, 15050, 20519
183.31137466430664, 112710, 462575
4.844309568405151, 3068, 7187
238.5414366722107, 120207, 655624
210.0655176639557, 93070, 574613
4.352803468704224, 4467, 5240
67.5536720752716, 70687, 138870
12.428264856338501, 14537, 25423
29.33861804008484, 36410, 58972
13.5999436378479, 17336, 27351
115.49629712104797, 111184, 251716
171.36594319343567, 133725, 432019
264.29538130760193, 116723, 736268
3.6217219829559326, 2257, 4858
179.4709346294403, 103911, 483641
11.42084527015686, 16627, 21879
187.16910672187805, 122297, 477781
11.591938257217407, 11029, 23289
252.74025511741638, 107292, 683507
12.852916240692139, 26299, 15659
1.8046751022338867, 1916, 3930
365.6664273738861, 491365, 675556
253.2905044555664, 191161, 649211
7.075530290603638, 7643, 9436
259.72574853897095, 212598, 600635
4.315509557723999, 2194, 4744
159.36606693267822, 110066, 408443
128.40485453605652, 78639, 326213
3.501098871231079, 2012, 5428
6.296895503997803, 9327, 10819
40.578917264938354, 37356, 78388
171.43401503562927, 116314, 456550
124.35076403617859, 89899, 321962
27.974294424057007, 28972, 63723
246.76703119277954, 138169, 630262
72.24386382102966, 53887, 165890
192.8000066280365, 83985, 523661
4.469323396682739, 2270, 8002
155.67133688926697, 86060, 407784
35.43671441078186, 33683, 73135
149.0954728126526, 90368, 377317
2.3116581439971924, 1268, 5259
3.521702527999878, 1324, 5116
244.14881825447083, 364443, 424100
10.38294267654419, 13278, 19217
242.55263805389404, 112270, 650027
170.743980884552, 115137, 438373
138.74464917182922, 77143, 369615
149.45246934890747, 97895, 380797
10.57927131652832, 12779, 19798
12.823363542556763, 10442, 26104
248.77726483345032, 115404, 685406
172.32044434547424, 87414, 485734
12.128312587738037, 15843, 22675
15.026527643203735, 11971, 32538
185.529545545578, 162318, 461936
148.71569681167603, 83028, 375061
16.044818878173828, 12467, 37374
114.81010389328003, 77297, 286649
237.47458338737488, 112281, 628844
147.56945252418518, 86775, 364845
172.16267108917236, 99503, 436673
85.19874858856201, 91101, 179315
148.18142366409302, 95993, 374064
5.937199354171753, 6627, 7971
162.03295302391052, 94677, 405888
185.0427324771881, 87056, 497697
15.005919218063354, 11821, 31404
358.2415816783905, 586756, 643669
253.57130241394043, 114839, 685901
77.54473781585693, 74281, 164000
134.89047026634216, 122532, 288649
87.17568278312683, 55966, 223882
3.2550909519195557, 2084, 4438
125.21618342399597, 71987, 325472
11.272081851959229, 12767, 18819
183.30632185935974, 145134, 450062
78.5724458694458, 87768, 158479
168.16155171394348, 92736, 427469
184.69741892814636, 123194, 454385
14.69139051437378, 17007, 28284
148.91388034820557, 97831, 368654
146.16910123825073, 88932, 357200
20.71615219116211, 17796, 44690
217.49942016601562, 106460, 616472
15.46869945526123, 21158, 25678
15.874311685562134, 19432, 32234
11.870289325714111, 12908, 18654
16.753203868865967, 11725, 34639
114.70010733604431, 73993, 305099
238.63821578025818, 109383, 695529
13.49882698059082, 15344, 25305
328.23977398872375, 429804, 650043
106.14057898521423, 76784, 259163
11.775379657745361, 12459, 19297
57.694814920425415, 72562, 122798
3.1481244564056396, 2870, 6555
65.30315160751343, 47030, 157611
12.173996686935425, 20821, 21633
172.78552913665771, 135115, 424055
14.486846685409546, 14888, 35580
6.0478785037994385, 9826, 11238
16.00221586227417, 20559, 26497
13.575544595718384, 16149, 25789
14.583572149276733, 11877, 34436
200.92405700683594, 101930, 541882
160.08032488822937, 118959, 425552
2.375563383102417, 1806, 2932
165.9915747642517, 108895, 408777
21.78163719177246, 22463, 41322
13.120959281921387, 18487, 27521
201.92183446884155, 91994, 544516
14.6625075340271, 12214, 32643
3.770866870880127, 2441, 5215
241.34572768211365, 112743, 673665
259.0212678909302, 104990, 707168
19.669005870819092, 20040, 38558
16.841607809066772, 13965, 30139
5.063454627990723, 7442, 10016
13.713366270065308, 12075, 21433
26.356098175048828, 30101, 54088
247.05116438865662, 175697, 606474
257.4877119064331, 209708, 595770
206.78443789482117, 91371, 584423
94.2995548248291, 67609, 235186
2.291327953338623, 1584, 3806
162.32755947113037, 111483, 403336
13.424198865890503, 13994, 23156
10.361931562423706, 12464, 17763
4.946887731552124, 9092, 7359
250.79029989242554, 103208, 725184
85.99381899833679, 59875, 210376
95.65209078788757, 70274, 230941
96.62799501419067, 82427, 240307
2.7710845470428467, 2249, 5802
226.78795981407166, 103350, 609002
12.194108724594116, 15159, 23274
381.0989227294922, 430143, 767792
12.950755596160889, 19529, 21724
22.53381371498108, 21735, 50202
232.53042125701904, 96025, 664129
16.193105220794678, 11834, 35508
31.815167665481567, 35488, 54194
14.602973937988281, 20861, 22430
224.66822624206543, 136514, 630250
175.06523394584656, 117633, 445360
155.453959941864, 93250, 397703
5.76903510093689, 7774, 8606
18.55434775352478, 22697, 34395
5.695657730102539, 8437, 9564
12.25904655456543, 18304, 16408
134.45280265808105, 86129, 346018
11.632248878479004, 16768, 18440
174.3337104320526, 153244, 388433
100.44179701805115, 73104, 253214
17.832072973251343, 13169, 33394
27.11371374130249, 24600, 55811
13.693485021591187, 14775, 28664
66.8241035938263, 66914, 143598
237.88752031326294, 110806, 632697
140.65932726860046, 78671, 404702
192.24536991119385, 74731, 534824
21.3528048992157, 34174, 27527
200.4341459274292, 93145, 569058
173.3976993560791, 115534, 447686
13.824459791183472, 21584, 20341
211.05081820487976, 91765, 554802
174.48006963729858, 107886, 480357
132.23632097244263, 101104, 323827
16.191126108169556, 19812, 25959
12.773394107818604, 15999, 21713
9.790297508239746, 22741, 9472
55.03642964363098, 60452, 124801
252.7641875743866, 120352, 667071
288.6937053203583, 323772, 568806
12.811840295791626, 14548, 21348
126.94510674476624, 86265, 328551
196.19787192344666, 88711, 537541
84.007568359375, 62630, 198105
4.8547797203063965, 6127, 6588
173.10194659233093, 87897, 490617
31.168489933013916, 37576, 56542
13.756580829620361, 13971, 27507
17.97584819793701, 21913, 35825
1.7692382335662842, 1498, 4079
228.81868696212769, 98511, 616718
183.19493627548218, 132199, 447656
225.48462295532227, 131303, 612050
2.6698293685913086, 1612, 3111
8.19974684715271, 14733, 6983
124.01386284828186, 100431, 291524
352.2665512561798, 511413, 616112
238.74510145187378, 129839, 626216
208.50462985038757, 104187, 548638
10.27367091178894, 12379, 16770
26.78055715560913, 24053, 55914
209.21857738494873, 159331, 535174
55.64260387420654, 63617, 123016
74.07161593437195, 66074, 164022
19.19952082633972, 16191, 37738
171.03405332565308, 120099, 404029
38.950085163116455, 40334, 76461
169.92400598526, 110445, 416893
12.227009534835815, 13954, 24488
162.5675082206726, 113353, 391427
3.0138680934906006, 2142, 4582
15.91287350654602, 20290, 24515
191.95503401756287, 88319, 558321
168.74194145202637, 118805, 448671
3.160426378250122, 2232, 5561
34.64219379425049, 37779, 64517
153.28162384033203, 95733, 392550
200.05648469924927, 97053, 535304
157.59193420410156, 76343, 379225
4.222828149795532, 1940, 4861
1.9078505039215088, 1521, 4211
14.110798120498657, 16496, 22690
14.743025541305542, 13913, 29663
175.99020290374756, 117133, 442083
45.987107038497925, 45423, 110900
159.08974623680115, 121560, 442761
174.99916052818298, 118189, 434913
13.976211071014404, 23611, 22948
2.0945990085601807, 1860, 4374
1.8244752883911133, 809, 1455
6.102127552032471, 6354, 7768
30.558727979660034, 26189, 66499
12.995189905166626, 13491, 27949
15.865253925323486, 27196, 23724
53.772682666778564, 59545, 120500
7.700590133666992, 10969, 13190
11.831648111343384, 14645, 25921
77.33744430541992, 62887, 183546
2.8424899578094482, 2291, 4971
139.913476228714, 108258, 330719
385.92488169670105, 705899, 638444
15.627915382385254, 17953, 24970
14.117063522338867, 14908, 34527
50.80235171318054, 43521, 105447
160.28376865386963, 105555, 408489
222.07669019699097, 186436, 519807
158.77484393119812, 97442, 386036
15.227327108383179, 13590, 30572
159.39431738853455, 72896, 468765
175.3596625328064, 86434, 469080
18.653430700302124, 21686, 28076
3.3946337699890137, 3011, 5194
210.32109141349792, 108769, 553238
160.05777096748352, 80863, 412068
212.5765724182129, 143066, 531106
5.793242931365967, 7337, 7257
84.82082176208496, 64506, 196195
9.579576969146729, 13732, 13816
79.0574381351471, 60543, 183843
3.341334104537964, 4205, 5295
7.292369365692139, 9913, 13265
12.629930019378662, 12936, 27931
31.15168070793152, 28521, 72442
355.96738505363464, 420092, 689915
258.4830963611603, 335812, 571184
2.7515878677368164, 1513, 2613
12.928234100341797, 18134, 28958
94.22128081321716, 84359, 230133
49.058539390563965, 43315, 96306
93.69016766548157, 53345, 225755
15.028316736221313, 17861, 28421
109.3788206577301, 72849, 275153
2.3503713607788086, 1416, 3738
12.893277406692505, 11978, 28662
103.13256406784058, 67163, 251367
6.61536717414856, 13929, 7927
192.42838954925537, 101620, 489490
222.18542551994324, 112005, 644473
14.619212627410889, 17130, 23975
15.299448013305664, 16672, 33035
172.4825520515442, 111008, 426614
364.62336015701294, 472990, 777359
16.9801082611084, 15925, 36513
13.014989852905273, 12228, 32578
2.6863179206848145, 2780, 6468
13.83806300163269, 12057, 27379
189.2417528629303, 124806, 479862
11.87779188156128, 17017, 24220
79.24232745170593, 71071, 173839
205.76581358909607, 76636, 564198
13.616738557815552, 11754, 25920
15.657018423080444, 12237, 32106
169.53051733970642, 74744, 518140
73.04658555984497, 44835, 179497
14.380009174346924, 12809, 35228
11.168111324310303, 11881, 25738
233.96701979637146, 137647, 591149
97.04711675643921, 70293, 236810
124.46504092216492, 88014, 346817
189.85141849517822, 80295, 521836
15.462155103683472, 13156, 33260
236.1110806465149, 114879, 635163
10.183650016784668, 12007, 15792
172.40863919258118, 98540, 437879
271.9543662071228, 339381, 561723
48.77474761009216, 60692, 109474
3.718214273452759, 1879, 3689
159.8310673236847, 119077, 433989
14.75318717956543, 20107, 22488
12.173070907592773, 13384, 30088
148.33133172988892, 105979, 355803
242.16148161888123, 111779, 650785
12.48390793800354, 16330, 23199
4.01524806022644, 1634, 4805
32.22430062294006, 38168, 65938
3.710650682449341, 1405, 5145
0.7873940467834473, 798, 1687
17.01016402244568, 18266, 36973
176.15048503875732, 119358, 447760
169.66064834594727, 126447, 397090
16.66930341720581, 19957, 32637
11.72762131690979, 19936, 18149
14.901864767074585, 13379, 30707
1.989149808883667, 1382, 4521
78.97219324111938, 71744, 196801
14.329105615615845, 18515, 30032
182.71046137809753, 104242, 452000
123.31110215187073, 107272, 272364
4.308549642562866, 4888, 5734
73.70089483261108, 54821, 167790
14.768680334091187, 16150, 25577
5.6054089069366455, 7554, 10803
148.2246253490448, 98577, 363383
247.6762502193451, 119468, 656132
277.27262139320374, 348978, 594641
3.458704710006714, 1631, 4265
168.58209705352783, 110700, 421892
250.13523244857788, 198580, 593164
247.4248423576355, 207773, 619367
160.79271626472473, 86298, 475289
235.0082290172577, 166672, 654902
218.7706139087677, 93926, 596097
4.271966934204102, 2571, 6733
24.002172470092773, 24710, 41773
4.955658674240112, 7089, 8051
13.853781938552856, 17299, 23577
16.57138442993164, 22397, 26949
173.06109046936035, 106082, 444948
2.9416818618774414, 2003, 4325
13.696298837661743, 11803, 29178
236.0579686164856, 114334, 640105
2.6600518226623535, 1765, 4420
138.45312690734863, 127462, 354485
4.567551136016846, 7557, 6195
207.9706094264984, 115808, 572262
179.04893398284912, 118360, 452115
89.14169764518738, 75482, 226594
11.565239429473877, 13220, 20237
229.82885098457336, 126785, 603110
17.151183366775513, 23013, 34321
132.34788727760315, 99568, 312125
15.533315658569336, 11921, 34516
144.70937585830688, 96396, 407904
159.96687746047974, 112012, 427445
12.938686847686768, 13548, 28332
15.546834707260132, 15149, 33377
13.535221099853516, 15489, 27497
152.48691272735596, 104182, 387464
77.15276551246643, 61828, 186147
288.36695408821106, 251705, 646938
197.17120552062988, 68877, 552989
14.814688205718994, 11923, 31649
15.40051817893982, 21197, 22530
12.248621225357056, 16275, 23277
178.56568217277527, 107859, 517152
14.781327724456787, 20791, 23974
154.35336017608643, 99092, 392235
175.19114899635315, 111362, 439953
10.767162561416626, 12871, 25681
131.71034383773804, 102918, 337083
130.8738934993744, 85430, 365032
11.01487922668457, 12049, 17430
10.349278926849365, 12419, 21492
275.13073563575745, 260789, 604798
251.550062417984, 111647, 703419
92.98419690132141, 67458, 229381
15.107036590576172, 21847, 21242
129.44476056098938, 94520, 307807
76.40803241729736, 80437, 161064
16.35306978225708, 18249, 31426
198.6584928035736, 173789, 458366
4.15449595451355, 1828, 4931
96.87778735160828, 97225, 208700
108.01266193389893, 67324, 275802
357.16821479797363, 640799, 625576
248.04418683052063, 120640, 665400
15.994173765182495, 22869, 23826
20.12669277191162, 13961, 41857
2.7152915000915527, 2874, 6266
175.58655452728271, 86231, 525991
214.50963735580444, 116433, 632791
16.113142251968384, 13873, 33299
10.19369888305664, 13111, 18866
198.71778082847595, 100493, 570577
42.786309003829956, 44970, 91201
247.00396180152893, 94843, 703013
191.40049624443054, 129819, 493780
13.31788969039917, 17583, 22419
4.0535712242126465, 2150, 4673
5.8032166957855225, 8279, 10675
242.00414943695068, 98694, 654533
143.8852198123932, 97116, 412524
208.01856350898743, 190706, 468721
212.47791385650635, 98372, 575331
146.15433835983276, 111719, 376439
16.163649320602417, 12769, 34421
156.313631772995, 81726, 422000
26.67522692680359, 25013, 57873
28.330024003982544, 28982, 55387
205.38096022605896, 125724, 591359
9.17225980758667, 11906, 17989
16.981503009796143, 21541, 27347
13.14469289779663, 14190, 31577
242.48281264305115, 118461, 681229
273.68215227127075, 296122, 592941
3.712196111679077, 1659, 4682
81.97454118728638, 54934, 203944
12.137953281402588, 12071, 29340
2.0638535022735596, 1457, 4967
15.54404330253601, 13645, 31147
1.8637800216674805, 1544, 4558
204.682532787323, 113889, 529698
212.5543065071106, 101411, 664930
400.46049904823303, 495610, 777676
28.024308681488037, 30854, 58457
25.25403118133545, 29693, 50203
12.562529802322388, 13880, 31181
175.54258036613464, 92620, 510449
321.5982789993286, 314865, 720904
165.9290850162506, 125445, 428605
245.99741792678833, 107805, 736651
18.055907011032104, 29550, 25141
119.91152596473694, 90645, 336142
169.10937333106995, 94410, 459457
3.701737403869629, 2123, 4951
174.37017130851746, 116432, 446349
16.356770515441895, 12576, 28218
49.94614052772522, 56305, 119216
269.93533277511597, 162907, 717525
166.52806329727173, 135939, 430663
10.730897665023804, 12729, 19130
17.636303186416626, 21532, 32161
161.05954027175903, 123258, 422727
170.15581583976746, 107711, 442839
13.99044919013977, 19556, 28797
149.03844547271729, 107321, 375588
13.677303552627563, 14147, 30155
15.553529739379883, 12525, 34416
13.591939449310303, 11646, 27941
16.24164342880249, 19816, 30768
289.8504958152771, 343445, 595678
15.068870782852173, 12243, 31273
139.686119556427, 114334, 326031
53.66856002807617, 62068, 117228
1.4544293880462646, 1532, 2577
77.0448477268219, 70577, 188120
217.85402727127075, 99353, 598834
184.61357188224792, 103920, 552416
5.661502122879028, 8675, 7648
11.77202820777893, 12795, 30546
146.87629222869873, 101781, 394606
155.7921142578125, 116310, 387770
16.001628637313843, 20481, 26243
142.24216318130493, 95799, 370708
11.66724681854248, 12827, 21889
153.6323368549347, 91782, 423785
210.8583960533142, 123784, 568158
12.998976707458496, 12060, 33724
152.75805401802063, 67892, 439818
5.7459940910339355, 10265, 6783
233.8295316696167, 117290, 651403
75.57262444496155, 61028, 182936
33.519569396972656, 33931, 65467
12.323041200637817, 13276, 26883
72.54667162895203, 65354, 167109
6.063994884490967, 7970, 9011
81.47257614135742, 82443, 195215
2.4011313915252686, 1389, 5013
17.753551721572876, 18952, 41151
207.14664602279663, 157536, 579675
11.905910015106201, 18591, 22922
246.43500781059265, 102190, 718474
2.8378376960754395, 772, 1731
170.3286669254303, 98980, 452636
3.0845930576324463, 2040, 4790
153.64381432533264, 93814, 416498
79.89818811416626, 72271, 218667
16.960502862930298, 15724, 42384
217.7306571006775, 160154, 602726
243.47715163230896, 128879, 666876
16.73353338241577, 13003, 39083
3.6253018379211426, 1376, 5389
181.2484850883484, 128851, 454884
12.40850305557251, 15558, 23006
2.7355034351348877, 2108, 6837
2.919001579284668, 3581, 6246
176.3227355480194, 137959, 432756
2.976304054260254, 1431, 5011
186.11321425437927, 139799, 473145
17.760401248931885, 26834, 26199
14.138701438903809, 15317, 23790
28.295366287231445, 29078, 59316
190.86229586601257, 94638, 557047
14.224907875061035, 20021, 25420
129.24271154403687, 68125, 347684
1.2319655418395996, 533, 1460
355.25055384635925, 384426, 786100
188.87499499320984, 116323, 581158
14.083241939544678, 21772, 26256
2.0685219764709473, 2275, 5059
175.4280607700348, 81979, 493756
168.4164707660675, 118838, 439327
102.35013604164124, 64821, 259203
159.39620971679688, 92497, 432268
1.6951866149902344, 863, 1559
328.9544925689697, 542880, 677992
215.69842958450317, 104884, 588275
19.255290746688843, 31430, 26692
128.91420793533325, 106581, 320036
152.63992953300476, 107077, 419842
212.8478991985321, 113330, 571879
32.033313512802124, 36367, 72547
178.82154059410095, 136814, 440585
16.67638611793518, 21035, 31487
10.518514633178711, 13541, 18620
193.45471167564392, 100450, 589617
142.1811864376068, 92399, 366708
138.99911165237427, 85328, 383717
171.75930452346802, 99386, 436726
159.0501446723938, 131599, 413987
180.97451663017273, 87168, 506189
191.87543368339539, 123962, 522853
22.09717035293579, 24431, 39299
95.71817374229431, 68217, 259026
224.02915406227112, 82086, 678523
5.306655168533325, 2865, 7392
2.2786335945129395, 2004, 5365
7.560465097427368, 11043, 13708
160.03885054588318, 106652, 441546
3.223281145095825, 1934, 4846
17.911397695541382, 19193, 35888
0.9828464984893799, 923, 1884
1.9372992515563965, 1336, 5436
182.428453207016, 91026, 539333
155.94152069091797, 96703, 429126
27.65790867805481, 36979, 54963
256.1554136276245, 242663, 625613
237.8209822177887, 110902, 746951
181.22504138946533, 88027, 530705
159.8096239566803, 97055, 471865
3.163884401321411, 2100, 5007
151.6241865158081, 127379, 423945
15.299444198608398, 13057, 34690
149.76357340812683, 100234, 433349
152.70671606063843, 102430, 443067
